iter 40000
0.71193416  0.82304527  0.86831276  0.88477366  0.90329218  0.91563786
  0.9218107   0.92798354  0.93621399  0.93621399  0.94032922  0.94238683
  0.94650206  0.94855967  0.9526749   0.9526749   0.9526749   0.95473251
  0.96090535  0.96296296  0.96296296  0.96296296  0.96296296  0.96502058
  0.9691358   0.97119342  0.97119342  0.97119342  0.97119342  0.97325103
  0.97325103  0.97325103  0.97325103  0.97530864  0.97530864  0.97530864
  0.97736626  0.97942387  0.97942387  0.97942387  0.97942387  0.98148148
  0.98148148  0.98148148  0.98148148  0.98148148  0.98353909  0.98353909
  0.98559671  0.98559671  0.98559671  0.98559671  0.98559671  0.98559671
  0.98765432  0.98765432  0.98971193  0.99176955  0.99176955  0.99382716
  0.99382716  0.99382716  0.99382716  0.99382716  0.99382716  0.99382716
  0.99382716  0.99382716  0.99382716  0.99382716  0.99382716  0.99382716
  0.99382716  0.99382716  0.99382716  0.99382716  0.99382716  0.99382716
  0.99382716  0.99382716  0.99382716  0.99382716  0.99382716  0.99382716
  0.99382716  0.99382716  0.99382716  0.99382716  0.99382716  0.99382716
  0.99382716  0.99382716  0.99382716  0.99382716  0.99382716  0.99382716
  0.99382716  0.99382716  0.99382716  0.99382716  0.99382716  0.99382716
  0.99382716  0.99382716  0.99382716  0.99382716  0.99382716  0.99382716
  0.99382716  0.99382716  0.99382716  0.99382716  0.99382716  0.99382716
  0.99382716  0.99382716  0.99382716  0.99382716  0.99382716  0.99382716
  0.99382716  0.99382716  0.99382716  0.99382716  0.99382716  0.99382716
  0.99382716  0.99382716  0.99382716  0.99382716  0.99382716  0.99382716
  0.99382716  0.99382716  0.99382716  0.99382716  0.99382716  0.99382716
  0.99382716  0.99382716  0.99382716  0.99382716  0.99382716  0.99588477
  0.99588477  0.99588477  0.99588477  0.99588477  0.99588477  0.99588477
  0.99588477  0.99588477  0.99588477  0.99588477  0.99588477  0.99794239
  0.99794239  0.99794239  0.99794239  0.99794239  0.99794239  0.99794239
  0.99794239  0.99794239  0.99794239  0.99794239  0.99794239  0.99794239
  0.99794239  0.99794239  0.99794239  0.99794239  0.99794239  0.99794239
  0.99794239  0.99794239  0.99794239  0.99794239  0.99794239  0.99794239
  0.99794239  0.99794239  0.99794239  0.99794239  0.99794239  0.99794239
  0.99794239  0.99794239  0.99794239  0.99794239  0.99794239  0.99794239
  0.99794239  0.99794239  0.99794239  0.99794239  0.99794239  0.99794239
  0.99794239  0.99794239  0.99794239  0.99794239  0.99794239  0.99794239
  0.99794239  0.99794239  0.99794239  0.99794239  0.99794239  0.99794239
  0.99794239  0.99794239  0.99794239  0.99794239  0.99794239  0.99794239
  0.99794239  0.99794239  0.99794239  0.99794239  0.99794239  0.99794239
  0.99794239  0.99794239  0.99794239  0.99794239  0.99794239  0.99794239
  0.99794239  0.99794239  0.99794239  0.99794239  0.99794239  0.99794239
  0.99794239  0.99794239  0.99794239  0.99794239  0.99794239  0.99794239
  0.99794239  0.99794239  0.99794239  0.99794239  0.99794239  0.99794239
  0.99794239  0.99794239  0.99794239  0.99794239  0.99794239  0.99794239
  0.99794239  0.99794239  0.99794239  0.99794239  0.99794239  0.99794239
  0.99794239  0.99794239  0.99794239  0.99794239  0.99794239  0.99794239
  0.99794239  0.99794239  0.99794239  0.99794239  0.99794239  0.99794239
  0.99794239  0.99794239  0.99794239  0.99794239  0.99794239  0.99794239
  0.99794239  0.99794239  0.99794239  0.99794239  0.99794239  0.99794239
  0.99794239  0.99794239  0.99794239  0.99794239  0.99794239  0.99794239
  0.99794239  0.99794239  0.99794239  0.99794239  0.99794239  0.99794239
  0.99794239  0.99794239  0.99794239  0.99794239  0.99794239  0.99794239
  0.99794239  0.99794239  0.99794239  0.99794239  0.99794239  0.99794239
  0.99794239  0.99794239  0.99794239  0.99794239  0.99794239  0.99794239
  0.99794239  0.99794239  0.99794239  0.99794239  0.99794239  0.99794239
  0.99794239  0.99794239  0.99794239  0.99794239  0.99794239  0.99794239
  0.99794239  0.99794239  0.99794239  0.99794239  0.99794239  0.99794239
  0.99794239  0.99794239  0.99794239  0.99794239  0.99794239  0.99794239
  0.99794239  0.99794239  0.99794239  0.99794239  0.99794239  0.99794239
  0.99794239  0.99794239  0.99794239  0.99794239  0.99794239  0.99794239
  0.99794239  0.99794239  0.99794239  0.99794239  0.99794239  0.99794239
  0.99794239  0.99794239  0.99794239  0.99794239  0.99794239  0.99794239
  0.99794239  0.99794239  0.99794239  0.99794239  0.99794239  0.99794239
  0.99794239  0.99794239  0.99794239  0.99794239  0.99794239  0.99794239
  0.99794239  0.99794239  0.99794239  0.99794239  0.99794239  0.99794239
  0.99794239  0.99794239  0.99794239  0.99794239  0.99794239  0.99794239
  0.99794239  0.99794239  0.99794239  0.99794239  0.99794239  0.99794239
  0.99794239  0.99794239  0.99794239  0.99794239  0.99794239  0.99794239
  0.99794239  0.99794239  0.99794239  0.99794239  0.99794239  0.99794239
  0.99794239  0.99794239  0.99794239  0.99794239  0.99794239  0.99794239
  0.99794239  0.99794239  0.99794239  0.99794239  0.99794239  0.99794239
  0.99794239  0.99794239  0.99794239  0.99794239  0.99794239  0.99794239
  0.99794239  0.99794239  0.99794239  0.99794239  0.99794239  0.99794239
  0.99794239  0.99794239  0.99794239  0.99794239  0.99794239  0.99794239
  0.99794239  0.99794239  0.99794239  0.99794239  0.99794239  0.99794239
  0.99794239  0.99794239  0.99794239  0.99794239  0.99794239  0.99794239
  0.99794239  0.99794239  0.99794239  0.99794239  0.99794239  0.99794239
  0.99794239  0.99794239  0.99794239  0.99794239  0.99794239  0.99794239
  0.99794239  0.99794239  0.99794239  0.99794239  0.99794239  0.99794239
  0.99794239  0.99794239  0.99794239  0.99794239  0.99794239  0.99794239
  0.99794239  0.99794239  0.99794239  0.99794239  0.99794239  0.99794239
  0.99794239  0.99794239  0.99794239  0.99794239  0.99794239  0.99794239
  0.99794239  0.99794239  0.99794239  1.          1.          1. 
  iter 80000
  0.68518519  0.78806584  0.85802469  0.89506173  0.90329218  0.91152263
  0.91358025  0.9218107   0.93004115  0.94032922  0.94238683  0.94650206
  0.94855967  0.95473251  0.95679012  0.95884774  0.95884774  0.96090535
  0.96296296  0.96296296  0.96502058  0.96707819  0.96707819  0.96707819
  0.96707819  0.9691358   0.9691358   0.9691358   0.9691358   0.97119342
  0.97325103  0.97325103  0.97530864  0.97530864  0.97736626  0.97942387
  0.97942387  0.97942387  0.98148148  0.98148148  0.98148148  0.98353909
  0.98353909  0.98559671  0.98559671  0.98559671  0.98559671  0.98559671
  0.98559671  0.98765432  0.98765432  0.98765432  0.98765432  0.98765432
  0.98765432  0.98765432  0.98971193  0.98971193  0.99176955  0.99176955
  0.99176955  0.99176955  0.99176955  0.99176955  0.99176955  0.99176955
  0.99176955  0.99176955  0.99382716  0.99382716  0.99382716  0.99382716
  0.99382716  0.99382716  0.99382716  0.99588477  0.99588477  0.99588477
  0.99588477  0.99588477  0.99588477  0.99588477  0.99588477  0.99588477
  0.99588477  0.99588477  0.99588477  0.99588477  0.99588477  0.99588477
  0.99588477  0.99588477  0.99588477  0.99588477  0.99588477  0.99588477
  0.99588477  0.99588477  0.99588477  0.99588477  0.99588477  0.99588477
  0.99588477  0.99588477  0.99588477  0.99588477  0.99588477  0.99588477
  0.99588477  0.99588477  0.99588477  0.99588477  0.99588477  0.99588477
  0.99588477  0.99588477  0.99588477  0.99588477  0.99588477  0.99588477
  0.99588477  0.99588477  0.99588477  0.99588477  0.99588477  0.99588477
  0.99588477  0.99588477  0.99588477  0.99588477  0.99588477  0.99588477
  0.99588477  0.99588477  0.99588477  0.99588477  0.99588477  0.99794239
  0.99794239  0.99794239  0.99794239  0.99794239  1.          1.          1.
  1.          1.          1.          1.          1.          1.          1.
  1.          1.          1.          1.          1.          1.          1.
  1.          1.          1.          1.          1.          1.          1.
  1.          1.          1.          1.          1.          1.          1.
  1.          1.          1.          1.          1.          1.          1.
  1.          1.          1.          1.          1.          1.          1.
  1.          1.          1.          1.          1.          1.          1.
  1.          1.          1.          1.          1.          1.          1.
  1.          1.          1.          1.          1.          1.          1.
  1.          1.          1.          1.          1.          1.          1.
  1.          1.          1.          1.          1.          1.          1.
  1.          1.          1.          1.          1.          1.          1.
  1.          1.          1.          1.          1.          1.          1.
  1.          1.          1.          1.          1.          1.          1.
  1.          1.          1.          1.          1.          1.          1.
  1.          1.          1.          1.          1.          1.          1.
  1.          1.          1.          1.          1.          1.          1.
  1.          1.          1.          1.          1.          1.          1.
  1.          1.          1.          1.          1.          1.          1.
  1.          1.          1.          1.          1.          1.          1.
  1.          1.          1.          1.          1.          1.          1.
  1.          1.          1.          1.          1.          1.          1.
  1.          1.          1.          1.          1.          1.          1.
  1.          1.          1.          1.          1.          1.          1.
  1.          1.          1.          1.          1.          1.          1.
  1.          1.          1.          1.          1.          1.          1.
  1.          1.          1.          1.          1.          1.          1.
  1.          1.          1.          1.          1.          1.          1.
  1.          1.          1.          1.          1.          1.          1.
  1.          1.          1.          1.          1.          1.          1.
  1.          1.          1.          1.          1.          1.          1.
  1.          1.          1.          1.          1.          1.          1.
  1.          1.          1.          1.          1.          1.          1.
  1.          1.          1.          1.          1.          1.          1.
  1.          1.          1.          1.          1.          1.          1.
  1.          1.          1.          1.          1.          1.          1.
  1.          1.          1.          1.          1.          1.          1.
  1.          1.          1.          1.          1.          1.          1.
  1.          1.          1.          1.          1.          1.          1.
  1.          1.          1.          1.          1.          1.          1.
  1.          1.          1.          1.          1.          1.          1.
  1.          1.          1.          1.          1.          1.          1.
  1.          1.          1.          1.          1.          1.          1.
  1.          1.          1.          1.          1.          1.          1.
  1.          1.          1.          1.          1.          1.          1.
  1.          1.          1.          1.          1.          1.          1.
  1.          1.          1.          1.          1.          1.          1.
  1.          1.          1.          1.          1.          1.          1.
  1.          1.          1.          1.          1.  
  iter 120000
  0.68930041  0.80041152  0.85185185  0.87654321  0.90329218  0.91975309
  0.92386831  0.93004115  0.93004115  0.94032922  0.94444444  0.95061728
  0.95884774  0.96090535  0.96296296  0.96502058  0.96502058  0.96502058
  0.96502058  0.96502058  0.96502058  0.97119342  0.97530864  0.97530864
  0.97530864  0.97530864  0.97942387  0.98353909  0.98353909  0.98353909
  0.98765432  0.98765432  0.98971193  0.98971193  0.98971193  0.98971193
  0.98971193  0.98971193  0.98971193  0.98971193  0.99176955  0.99176955
  0.99176955  0.99176955  0.99382716  0.99382716  0.99382716  0.99382716
  0.99588477  0.99588477  0.99588477  0.99588477  0.99588477  0.99588477
  0.99588477  0.99588477  0.99588477  0.99588477  0.99588477  0.99588477
  0.99588477  0.99588477  0.99588477  0.99588477  0.99588477  0.99588477
  0.99588477  0.99588477  0.99588477  0.99588477  0.99588477  0.99588477
  0.99588477  0.99588477  0.99794239  0.99794239  0.99794239  0.99794239
  0.99794239  0.99794239  0.99794239  0.99794239  0.99794239  1.          1.
  1.          1.          1.          1.          1.          1.          1.
  1.          1.          1.          1.          1.          1.          1.
  1.          1.          1.          1.          1.          1.          1.
  1.          1.          1.          1.          1.          1.          1.
  1.          1.          1.          1.          1.          1.          1.
  1.          1.          1.          1.          1.          1.          1.
  1.          1.          1.          1.          1.          1.          1.
  1.          1.          1.          1.          1.          1.          1.
  1.          1.          1.          1.          1.          1.          1.
  1.          1.          1.          1.          1.          1.          1.
  1.          1.          1.          1.          1.          1.          1.
  1.          1.          1.          1.          1.          1.          1.
  1.          1.          1.          1.          1.          1.          1.
  1.          1.          1.          1.          1.          1.          1.
  1.          1.          1.          1.          1.          1.          1.
  1.          1.          1.          1.          1.          1.          1.
  1.          1.          1.          1.          1.          1.          1.
  1.          1.          1.          1.          1.          1.          1.
  1.          1.          1.          1.          1.          1.          1.
  1.          1.          1.          1.          1.          1.          1.
  1.          1.          1.          1.          1.          1.          1.
  1.          1.          1.          1.          1.          1.          1.
  1.          1.          1.          1.          1.          1.          1.
  1.          1.          1.          1.          1.          1.          1.
  1.          1.          1.          1.          1.          1.          1.
  1.          1.          1.          1.          1.          1.          1.
  1.          1.          1.          1.          1.          1.          1.
  1.          1.          1.          1.          1.          1.          1.
  1.          1.          1.          1.          1.          1.          1.
  1.          1.          1.          1.          1.          1.          1.
  1.          1.          1.          1.          1.          1.          1.
  1.          1.          1.          1.          1.          1.          1.
  1.          1.          1.          1.          1.          1.          1.
  1.          1.          1.          1.          1.          1.          1.
  1.          1.          1.          1.          1.          1.          1.
  1.          1.          1.          1.          1.          1.          1.
  1.          1.          1.          1.          1.          1.          1.
  1.          1.          1.          1.          1.          1.          1.
  1.          1.          1.          1.          1.          1.          1.
  1.          1.          1.          1.          1.          1.          1.
  1.          1.          1.          1.          1.          1.          1.
  1.          1.          1.          1.          1.          1.          1.
  1.          1.          1.          1.          1.          1.          1.
  1.          1.          1.          1.          1.          1.          1.
  1.          1.          1.          1.          1.          1.          1.
  1.          1.          1.          1.          1.          1.          1.
  1.          1.          1.          1.          1.          1.          1.
  1.          1.          1.          1.          1.          1.          1.
  1.          1.          1.          1.          1.          1.          1.
  1.          1.          1.          1.          1.          1.          1.
  1.          1.          1.          1.          1.          1.          1.
  1.          1.          1.          1.          1.          1.          1.
  1.          1.          1.          1.          1.          1.          1.
  1.          1.          1.          1.          1.          1.          1.
  1.          1.          1.          1.          1.          1.          1.
  1.          1.          1.          1.          1.          1.          1.
  1.          1.          1.          1.          1.          1.          1.
  1.          1. 