iter 40000
0.64609053  0.73868313  0.78600823  0.80658436  0.8436214   0.85185185
  0.86831276  0.88271605  0.89300412  0.89917695  0.90534979  0.90946502
  0.91358025  0.91563786  0.91769547  0.92798354  0.93004115  0.93621399
  0.9382716   0.94032922  0.94444444  0.94855967  0.94855967  0.95061728
  0.95473251  0.95884774  0.95884774  0.95884774  0.95884774  0.96296296
  0.96502058  0.96502058  0.9691358   0.9691358   0.9691358   0.97119342
  0.97119342  0.97119342  0.97119342  0.97119342  0.97119342  0.97325103
  0.97325103  0.97325103  0.97325103  0.97325103  0.97325103  0.97325103
  0.97530864  0.97530864  0.97736626  0.97736626  0.97736626  0.97736626
  0.97942387  0.97942387  0.97942387  0.97942387  0.97942387  0.97942387
  0.97942387  0.98148148  0.98148148  0.98148148  0.98353909  0.98353909
  0.98559671  0.98559671  0.98559671  0.98559671  0.98765432  0.98765432
  0.98765432  0.98765432  0.98765432  0.98971193  0.98971193  0.98971193
  0.98971193  0.98971193  0.98971193  0.98971193  0.98971193  0.98971193
  0.98971193  0.98971193  0.98971193  0.98971193  0.99176955  0.99176955
  0.99176955  0.99176955  0.99176955  0.99176955  0.99382716  0.99382716
  0.99382716  0.99382716  0.99382716  0.99382716  0.99382716  0.99588477
  0.99794239  0.99794239  0.99794239  0.99794239  0.99794239  0.99794239
  0.99794239  0.99794239  0.99794239  0.99794239  0.99794239  0.99794239
  0.99794239  0.99794239  0.99794239  0.99794239  0.99794239  0.99794239
  0.99794239  0.99794239  0.99794239  0.99794239  0.99794239  0.99794239
  0.99794239  0.99794239  0.99794239  0.99794239  0.99794239  0.99794239
  0.99794239  0.99794239  0.99794239  0.99794239  0.99794239  0.99794239
  1.          1.          1.          1.          1.          1.          1.
  1.          1.          1.          1.          1.          1.          1.
  1.          1.          1.          1.          1.          1.          1.
  1.          1.          1.          1.          1.          1.          1.
  1.          1.          1.          1.          1.          1.          1.
  1.          1.          1.          1.          1.          1.          1.
  1.          1.          1.          1.          1.          1.          1.
  1.          1.          1.          1.          1.          1.          1.
  1.          1.          1.          1.          1.          1.          1.
  1.          1.          1.          1.          1.          1.          1.
  1.          1.          1.          1.          1.          1.          1.
  1.          1.          1.          1.          1.          1.          1.
  1.          1.          1.          1.          1.          1.          1.
  1.          1.          1.          1.          1.          1.          1.
  1.          1.          1.          1.          1.          1.          1.
  1.          1.          1.          1.          1.          1.          1.
  1.          1.          1.          1.          1.          1.          1.
  1.          1.          1.          1.          1.          1.          1.
  1.          1.          1.          1.          1.          1.          1.
  1.          1.          1.          1.          1.          1.          1.
  1.          1.          1.          1.          1.          1.          1.
  1.          1.          1.          1.          1.          1.          1.
  1.          1.          1.          1.          1.          1.          1.
  1.          1.          1.          1.          1.          1.          1.
  1.          1.          1.          1.          1.          1.          1.
  1.          1.          1.          1.          1.          1.          1.
  1.          1.          1.          1.          1.          1.          1.
  1.          1.          1.          1.          1.          1.          1.
  1.          1.          1.          1.          1.          1.          1.
  1.          1.          1.          1.          1.          1.          1.
  1.          1.          1.          1.          1.          1.          1.
  1.          1.          1.          1.          1.          1.          1.
  1.          1.          1.          1.          1.          1.          1.
  1.          1.          1.          1.          1.          1.          1.
  1.          1.          1.          1.          1.          1.          1.
  1.          1.          1.          1.          1.          1.          1.
  1.          1.          1.          1.          1.          1.          1.
  1.          1.          1.          1.          1.          1.          1.
  1.          1.          1.          1.          1.          1.          1.
  1.          1.          1.          1.          1.          1.          1.
  1.          1.          1.          1.          1.          1.          1.
  1.          1.          1.          1.          1.          1.          1.
  1.          1.          1.          1.          1.          1.          1.
  1.          1.          1.          1.          1.          1.          1.
  1.          1.          1.          1.          1.          1.          1.
  1.          1.          1.          1.          1.          1.          1.
  1.          1.          1.          1.          1.          1.          1.
  1.          1.          1.          1.          1.          1.          1.
  1.          1.          1.          1.          1.          1.          1.
  1.          1.          1.          1.          1. 
  iter 80000
  0.63374486  0.7345679   0.7654321   0.81893004  0.83950617  0.85802469
  0.8744856   0.87654321  0.88477366  0.89711934  0.90123457  0.91152263
  0.91358025  0.91975309  0.92386831  0.93004115  0.93415638  0.94238683
  0.94238683  0.94444444  0.94650206  0.94650206  0.94650206  0.94650206
  0.95061728  0.9526749   0.95473251  0.95473251  0.95884774  0.95884774
  0.96296296  0.96296296  0.96502058  0.96707819  0.96707819  0.96707819
  0.9691358   0.97325103  0.97942387  0.97942387  0.97942387  0.97942387
  0.97942387  0.98148148  0.98353909  0.98353909  0.98353909  0.98353909
  0.98353909  0.98353909  0.98353909  0.98559671  0.98559671  0.98559671
  0.98559671  0.98559671  0.98559671  0.98559671  0.98559671  0.98559671
  0.98765432  0.98765432  0.98765432  0.98765432  0.98765432  0.98765432
  0.98971193  0.98971193  0.98971193  0.98971193  0.98971193  0.98971193
  0.98971193  0.98971193  0.98971193  0.98971193  0.98971193  0.98971193
  0.99176955  0.99176955  0.99176955  0.99382716  0.99382716  0.99382716
  0.99382716  0.99382716  0.99382716  0.99382716  0.99382716  0.99382716
  0.99382716  0.99382716  0.99382716  0.99382716  0.99382716  0.99382716
  0.99588477  0.99588477  0.99588477  0.99588477  0.99588477  0.99588477
  0.99588477  0.99588477  0.99588477  0.99588477  0.99588477  0.99588477
  0.99588477  0.99588477  0.99588477  0.99588477  0.99588477  0.99588477
  0.99588477  0.99588477  0.99588477  0.99588477  0.99588477  0.99588477
  0.99588477  0.99588477  0.99588477  0.99588477  0.99588477  0.99588477
  0.99588477  0.99588477  0.99588477  0.99588477  0.99588477  0.99588477
  0.99588477  0.99588477  0.99588477  0.99588477  0.99588477  0.99588477
  0.99588477  0.99588477  0.99588477  0.99588477  0.99588477  0.99588477
  0.99588477  0.99794239  0.99794239  0.99794239  0.99794239  0.99794239
  0.99794239  0.99794239  0.99794239  0.99794239  0.99794239  0.99794239
  0.99794239  0.99794239  0.99794239  0.99794239  0.99794239  0.99794239
  0.99794239  0.99794239  0.99794239  0.99794239  0.99794239  0.99794239
  0.99794239  0.99794239  0.99794239  0.99794239  0.99794239  0.99794239
  0.99794239  0.99794239  0.99794239  0.99794239  0.99794239  0.99794239
  0.99794239  0.99794239  0.99794239  0.99794239  0.99794239  0.99794239
  0.99794239  0.99794239  0.99794239  0.99794239  0.99794239  0.99794239
  0.99794239  0.99794239  0.99794239  0.99794239  0.99794239  0.99794239
  0.99794239  0.99794239  0.99794239  0.99794239  0.99794239  0.99794239
  0.99794239  0.99794239  0.99794239  0.99794239  0.99794239  0.99794239
  0.99794239  0.99794239  0.99794239  0.99794239  0.99794239  0.99794239
  0.99794239  0.99794239  0.99794239  0.99794239  0.99794239  0.99794239
  0.99794239  0.99794239  0.99794239  0.99794239  0.99794239  0.99794239
  0.99794239  0.99794239  0.99794239  0.99794239  0.99794239  0.99794239
  0.99794239  0.99794239  0.99794239  0.99794239  0.99794239  0.99794239
  0.99794239  0.99794239  0.99794239  0.99794239  0.99794239  0.99794239
  0.99794239  0.99794239  0.99794239  0.99794239  0.99794239  0.99794239
  0.99794239  0.99794239  0.99794239  0.99794239  0.99794239  0.99794239
  0.99794239  0.99794239  0.99794239  0.99794239  0.99794239  0.99794239
  0.99794239  0.99794239  0.99794239  0.99794239  0.99794239  0.99794239
  0.99794239  0.99794239  0.99794239  0.99794239  0.99794239  0.99794239
  0.99794239  0.99794239  0.99794239  0.99794239  0.99794239  0.99794239
  0.99794239  0.99794239  0.99794239  0.99794239  0.99794239  0.99794239
  0.99794239  0.99794239  0.99794239  0.99794239  0.99794239  0.99794239
  0.99794239  0.99794239  0.99794239  0.99794239  0.99794239  0.99794239
  0.99794239  0.99794239  0.99794239  0.99794239  0.99794239  0.99794239
  0.99794239  0.99794239  0.99794239  0.99794239  0.99794239  0.99794239
  0.99794239  0.99794239  0.99794239  0.99794239  0.99794239  0.99794239
  0.99794239  0.99794239  0.99794239  0.99794239  0.99794239  0.99794239
  0.99794239  0.99794239  0.99794239  0.99794239  0.99794239  0.99794239
  0.99794239  0.99794239  0.99794239  0.99794239  0.99794239  0.99794239
  0.99794239  0.99794239  0.99794239  0.99794239  0.99794239  0.99794239
  0.99794239  0.99794239  0.99794239  0.99794239  0.99794239  0.99794239
  0.99794239  0.99794239  0.99794239  0.99794239  0.99794239  0.99794239
  0.99794239  0.99794239  0.99794239  0.99794239  0.99794239  0.99794239
  0.99794239  0.99794239  0.99794239  0.99794239  0.99794239  0.99794239
  0.99794239  0.99794239  0.99794239  0.99794239  0.99794239  0.99794239
  0.99794239  0.99794239  0.99794239  0.99794239  0.99794239  0.99794239
  0.99794239  0.99794239  0.99794239  0.99794239  0.99794239  0.99794239
  0.99794239  0.99794239  0.99794239  0.99794239  0.99794239  0.99794239
  0.99794239  0.99794239  0.99794239  0.99794239  0.99794239  0.99794239
  0.99794239  0.99794239  0.99794239  0.99794239  0.99794239  0.99794239
  0.99794239  0.99794239  0.99794239  0.99794239  0.99794239  0.99794239
  0.99794239  0.99794239  0.99794239  0.99794239  0.99794239  0.99794239
  0.99794239  0.99794239  0.99794239  0.99794239  0.99794239  0.99794239
  0.99794239  0.99794239  0.99794239  0.99794239  0.99794239  0.99794239
  0.99794239  0.99794239  0.99794239  0.99794239  0.99794239  0.99794239
  0.99794239  0.99794239  0.99794239  0.99794239  0.99794239  0.99794239
  0.99794239  0.99794239  0.99794239  0.99794239  0.99794239  0.99794239
  0.99794239  0.99794239  0.99794239  0.99794239  0.99794239  0.99794239
  0.99794239  0.99794239  0.99794239  0.99794239  0.99794239  0.99794239
  0.99794239  0.99794239  0.99794239  0.99794239  0.99794239  0.99794239
  0.99794239  1.          1.          1.          1.          1.          1.
  1.          1.          1.          1.          1.          1.          1.
  1.          1.          1.          1.          1.          1.          1.
  1.          1.          1.      
  iter 120000
  0.6399177   0.73868313  0.78395062  0.80864198  0.82716049  0.84156379
  0.85802469  0.87037037  0.88065844  0.88888889  0.89711934  0.91152263
  0.91975309  0.91975309  0.92386831  0.92798354  0.92798354  0.93004115
  0.93209877  0.9382716   0.94238683  0.94444444  0.94444444  0.94444444
  0.94855967  0.94855967  0.95061728  0.95061728  0.95061728  0.9526749
  0.9526749   0.95473251  0.95473251  0.95473251  0.95679012  0.95679012
  0.95884774  0.95884774  0.95884774  0.96502058  0.96502058  0.96502058
  0.96502058  0.96502058  0.96707819  0.96707819  0.9691358   0.9691358
  0.97119342  0.97119342  0.97325103  0.97325103  0.97325103  0.97530864
  0.97530864  0.97530864  0.97530864  0.97530864  0.97530864  0.97530864
  0.97530864  0.97736626  0.97736626  0.97736626  0.97736626  0.97736626
  0.97736626  0.97736626  0.97736626  0.97736626  0.97736626  0.97736626
  0.97942387  0.97942387  0.97942387  0.98148148  0.98148148  0.98353909
  0.98353909  0.98353909  0.98353909  0.98353909  0.98353909  0.98353909
  0.98559671  0.98559671  0.98559671  0.98559671  0.98765432  0.98765432
  0.98765432  0.98765432  0.98765432  0.98765432  0.98765432  0.98765432
  0.98765432  0.98765432  0.98765432  0.98971193  0.98971193  0.99176955
  0.99176955  0.99176955  0.99176955  0.99176955  0.99176955  0.99176955
  0.99176955  0.99176955  0.99176955  0.99176955  0.99176955  0.99382716
  0.99382716  0.99382716  0.99382716  0.99382716  0.99382716  0.99382716
  0.99382716  0.99382716  0.99382716  0.99382716  0.99382716  0.99382716
  0.99382716  0.99382716  0.99382716  0.99382716  0.99382716  0.99382716
  0.99382716  0.99382716  0.99382716  0.99382716  0.99382716  0.99382716
  0.99382716  0.99382716  0.99382716  0.99382716  0.99382716  0.99382716
  0.99382716  0.99382716  0.99588477  0.99588477  0.99588477  0.99588477
  0.99588477  0.99588477  0.99588477  0.99588477  0.99588477  0.99588477
  0.99588477  0.99794239  0.99794239  0.99794239  0.99794239  0.99794239
  0.99794239  0.99794239  0.99794239  0.99794239  0.99794239  0.99794239
  0.99794239  0.99794239  0.99794239  0.99794239  0.99794239  0.99794239
  0.99794239  0.99794239  0.99794239  0.99794239  0.99794239  0.99794239
  0.99794239  0.99794239  0.99794239  0.99794239  0.99794239  0.99794239
  0.99794239  0.99794239  0.99794239  0.99794239  0.99794239  0.99794239
  0.99794239  0.99794239  0.99794239  0.99794239  0.99794239  0.99794239
  0.99794239  0.99794239  0.99794239  0.99794239  0.99794239  0.99794239
  0.99794239  0.99794239  0.99794239  0.99794239  0.99794239  0.99794239
  0.99794239  0.99794239  0.99794239  0.99794239  0.99794239  0.99794239
  0.99794239  0.99794239  0.99794239  0.99794239  0.99794239  0.99794239
  0.99794239  0.99794239  0.99794239  0.99794239  0.99794239  0.99794239
  0.99794239  0.99794239  0.99794239  0.99794239  0.99794239  0.99794239
  0.99794239  0.99794239  0.99794239  0.99794239  0.99794239  0.99794239
  0.99794239  0.99794239  0.99794239  0.99794239  0.99794239  0.99794239
  0.99794239  0.99794239  0.99794239  0.99794239  0.99794239  0.99794239
  0.99794239  0.99794239  0.99794239  0.99794239  0.99794239  0.99794239
  0.99794239  0.99794239  0.99794239  0.99794239  0.99794239  0.99794239
  0.99794239  0.99794239  0.99794239  0.99794239  0.99794239  0.99794239
  0.99794239  0.99794239  0.99794239  0.99794239  0.99794239  0.99794239
  0.99794239  0.99794239  0.99794239  0.99794239  0.99794239  0.99794239
  0.99794239  0.99794239  0.99794239  0.99794239  0.99794239  0.99794239
  0.99794239  0.99794239  0.99794239  0.99794239  0.99794239  0.99794239
  0.99794239  0.99794239  0.99794239  0.99794239  0.99794239  0.99794239
  0.99794239  0.99794239  0.99794239  0.99794239  0.99794239  0.99794239
  0.99794239  0.99794239  0.99794239  0.99794239  0.99794239  0.99794239
  0.99794239  0.99794239  0.99794239  0.99794239  0.99794239  0.99794239
  0.99794239  0.99794239  0.99794239  0.99794239  0.99794239  0.99794239
  0.99794239  0.99794239  0.99794239  0.99794239  0.99794239  0.99794239
  0.99794239  0.99794239  0.99794239  0.99794239  0.99794239  0.99794239
  0.99794239  0.99794239  0.99794239  0.99794239  0.99794239  0.99794239
  0.99794239  0.99794239  0.99794239  0.99794239  0.99794239  0.99794239
  0.99794239  0.99794239  0.99794239  0.99794239  0.99794239  0.99794239
  0.99794239  0.99794239  0.99794239  0.99794239  0.99794239  0.99794239
  0.99794239  0.99794239  0.99794239  0.99794239  0.99794239  0.99794239
  0.99794239  0.99794239  0.99794239  0.99794239  0.99794239  0.99794239
  0.99794239  0.99794239  0.99794239  0.99794239  0.99794239  0.99794239
  0.99794239  0.99794239  0.99794239  0.99794239  0.99794239  0.99794239
  0.99794239  0.99794239  0.99794239  0.99794239  0.99794239  0.99794239
  0.99794239  0.99794239  0.99794239  0.99794239  0.99794239  0.99794239
  0.99794239  0.99794239  0.99794239  0.99794239  0.99794239  0.99794239
  0.99794239  0.99794239  0.99794239  0.99794239  0.99794239  0.99794239
  0.99794239  0.99794239  0.99794239  0.99794239  0.99794239  0.99794239
  0.99794239  0.99794239  0.99794239  0.99794239  0.99794239  0.99794239
  0.99794239  0.99794239  0.99794239  0.99794239  0.99794239  0.99794239
  0.99794239  0.99794239  0.99794239  0.99794239  0.99794239  0.99794239
  0.99794239  0.99794239  0.99794239  0.99794239  0.99794239  0.99794239
  0.99794239  0.99794239  0.99794239  0.99794239  0.99794239  0.99794239
  0.99794239  0.99794239  0.99794239  0.99794239  0.99794239  0.99794239
  0.99794239  0.99794239  0.99794239  0.99794239  0.99794239  0.99794239
  0.99794239  0.99794239  0.99794239  0.99794239  0.99794239  0.99794239
  0.99794239  0.99794239  0.99794239  0.99794239  0.99794239  0.99794239
  0.99794239  0.99794239  0.99794239  0.99794239  0.99794239  0.99794239
  0.99794239  0.99794239  0.99794239  0.99794239  0.99794239  0.99794239
  0.99794239  1.          1.          1.          1.          1.       
iter 160000
0.6255144   0.72427984  0.77366255  0.81481481  0.84156379  0.85185185
  0.86213992  0.88271605  0.8909465   0.90329218  0.90946502  0.90946502
  0.91563786  0.91975309  0.9218107   0.92386831  0.92592593  0.93209877
  0.93415638  0.94238683  0.94238683  0.94650206  0.94650206  0.94855967
  0.9526749   0.95884774  0.95884774  0.96296296  0.96296296  0.96296296
  0.96296296  0.96707819  0.96707819  0.9691358   0.97119342  0.97119342
  0.97325103  0.97530864  0.97530864  0.97530864  0.97736626  0.97736626
  0.97736626  0.98148148  0.98148148  0.98353909  0.98353909  0.98353909
  0.98353909  0.98353909  0.98559671  0.98559671  0.98559671  0.98765432
  0.98971193  0.98971193  0.98971193  0.98971193  0.98971193  0.98971193
  0.98971193  0.98971193  0.99176955  0.99382716  0.99382716  0.99382716
  0.99382716  0.99382716  0.99382716  0.99382716  0.99382716  0.99382716
  0.99382716  0.99382716  0.99382716  0.99382716  0.99382716  0.99382716
  0.99382716  0.99382716  0.99382716  0.99382716  0.99382716  0.99588477
  0.99588477  0.99588477  0.99588477  0.99588477  0.99588477  0.99588477
  0.99588477  0.99588477  0.99588477  0.99588477  0.99588477  0.99588477
  0.99588477  0.99588477  0.99588477  0.99588477  0.99588477  0.99588477
  0.99588477  0.99588477  0.99588477  0.99588477  0.99588477  0.99588477
  0.99588477  0.99588477  0.99588477  0.99588477  0.99588477  0.99588477
  0.99794239  0.99794239  0.99794239  0.99794239  0.99794239  0.99794239
  0.99794239  0.99794239  0.99794239  1.          1.          1.          1.
  1.          1.          1.          1.          1.          1.          1.
  1.          1.          1.          1.          1.          1.          1.
  1.          1.          1.          1.          1.          1.          1.
  1.          1.          1.          1.          1.          1.          1.
  1.          1.          1.          1.          1.          1.          1.
  1.          1.          1.          1.          1.          1.          1.
  1.          1.          1.          1.          1.          1.          1.
  1.          1.          1.          1.          1.          1.          1.
  1.          1.          1.          1.          1.          1.          1.
  1.          1.          1.          1.          1.          1.          1.
  1.          1.          1.          1.          1.          1.          1.
  1.          1.          1.          1.          1.          1.          1.
  1.          1.          1.          1.          1.          1.          1.
  1.          1.          1.          1.          1.          1.          1.
  1.          1.          1.          1.          1.          1.          1.
  1.          1.          1.          1.          1.          1.          1.
  1.          1.          1.          1.          1.          1.          1.
  1.          1.          1.          1.          1.          1.          1.
  1.          1.          1.          1.          1.          1.          1.
  1.          1.          1.          1.          1.          1.          1.
  1.          1.          1.          1.          1.          1.          1.
  1.          1.          1.          1.          1.          1.          1.
  1.          1.          1.          1.          1.          1.          1.
  1.          1.          1.          1.          1.          1.          1.
  1.          1.          1.          1.          1.          1.          1.
  1.          1.          1.          1.          1.          1.          1.
  1.          1.          1.          1.          1.          1.          1.
  1.          1.          1.          1.          1.          1.          1.
  1.          1.          1.          1.          1.          1.          1.
  1.          1.          1.          1.          1.          1.          1.
  1.          1.          1.          1.          1.          1.          1.
  1.          1.          1.          1.          1.          1.          1.
  1.          1.          1.          1.          1.          1.          1.
  1.          1.          1.          1.          1.          1.          1.
  1.          1.          1.          1.          1.          1.          1.
  1.          1.          1.          1.          1.          1.          1.
  1.          1.          1.          1.          1.          1.          1.
  1.          1.          1.          1.          1.          1.          1.
  1.          1.          1.          1.          1.          1.          1.
  1.          1.          1.          1.          1.          1.          1.
  1.          1.          1.          1.          1.          1.          1.
  1.          1.          1.          1.          1.          1.          1.
  1.          1.          1.          1.          1.          1.          1.
  1.          1.          1.          1.          1.          1.          1.
  1.          1.          1.          1.          1.          1.          1.
  1.          1.          1.          1.          1.          1.          1.
  1.          1.          1.          1.          1.          1.          1.
  1.          1.          1.          1.          1.          1.          1.
  1.          1.          1.          1.          1.          1.          1.
  1.          1.          1.          1.          1.          1.          1.
  1.          1.          1.          1.          1.          1.          1.
  1.          1. 